tree
version=v4
num_class=1
num_tree_per_iteration=1
label_index=0
max_feature_idx=17
objective=quantile
feature_names=log_tiv tiv_per_building_age building_age_winsor inspection_score_imputed prior_claim_count deductible report_lag_days state_freq occ_freq state_mean_loss state_loss_prob tiv_x_sprinkler sprinkler_flag state occupancy_class equipment_type construction_type_imputed peril
feature_infos=[9.1760902404785156:16.46375846862793] [178.92013549804688:3383716.25] [0:50] [60:100] [0:3] [1000:25000] [0:44] [416769:424163] [1044854:1054362] [6647.80078125:8052.443359375] [0.19909045100212097:0.20603416860103607] [0:15.882904052734375] [0:1] -1:48:49:31:41:19:14:16:12:24:35:4:40:10:8:21:3:20:17:9:32:29:44:2:28:5:30:0:27:22:43:37:33:26:45:34:38:7:1:11:36:23:6:15:25:13:18:47:39:46:42 -1:7:14:1:4:12:5:19:0:10:3:8:18:16:11:13:2:15:9:6:17 -1:6:2:5:7:9:8:0:10:4:1:11:3 -1:3:0:5:1:4:2:6 -1:1:4:0:3:2
tree_sizes=5228

Tree=0
num_leaves=63
num_cat=40
split_feature=0 0 0 0 0 0 0 0 0 0 0 0 13 0 0 0 13 0 0 13 13 13 13 13 13 13 13 14 13 13 0 13 13 0 13 13 14 14 14 0 13 0 14 14 14 13 13 14 13 13 15 13 13 15 13 15 14 14 14 13 1 14
split_gain=19117.4 4094.84 3199.18 670.424 631.934 595.824 546.46 173.645 111.33 104.097 101.918 99.0495 52.862 48.0064 42.476 42.0177 36.894 35.0178 31.2163 29.1525 28.4502 28.0653 27.7932 27.2282 24.6878 24.3318 23.5438 22.9784 19.8218 19.4882 18.6273 20.9185 17.9196 17.6758 17.0336 16.1692 16.1139 15.3738 14.714 14.4693 14.7357 13.8009 12.7743 12.5756 12.055 11.9655 11.9024 11.8178 20.6696 14.6186 11.7043 17.2704 11.4948 15.1062 11.4189 13.5737 11.2853 11.0473 10.6929 15.0656 10.622 10.4621
threshold=12.730693817138674 11.933642864227297 13.478944778442385 11.533604145050051 12.392510890960695 13.993391513824465 13.012022018432619 10.961292743682863 13.251674175262453 14.622321128845217 12.163071155548097 13.69789505004883 0 12.864533424377443 12.607837200164797 11.72002696990967 1 10.566581249237062 11.270053863525392 2 3 4 5 6 7 8 9 10 11 12 14.096644878387453 13 14 12.463710308074953 15 16 17 18 19 13.629689216613771 20 12.231351852416994 21 22 23 24 25 26 27 28 29 30 31 32 33 34 35 36 37 38 300899.15625000006 39
decision_type=2 2 2 2 2 2 2 2 2 2 2 2 1 2 2 2 1 2 2 1 1 1 1 1 1 1 1 1 1 1 2 1 1 2 1 1 1 1 1 2 1 2 1 1 1 1 1 1 1 1 1 1 1 1 1 1 1 1 1 1 2 1
left_child=1 3 6 7 10 11 13 17 22 25 45 19 -10 20 28 35 27 -1 29 39 57 -13 -8 37 41 38 -17 50 -6 -9 31 -27 61 -30 -20 -5 -33 -15 -7 -4 -41 -12 -43 -42 52 -3 -19 49 -49 -32 60 -52 53 -18 55 -46 -34 -2 -25 -60 -11 -16
right_child=2 4 5 15 14 9 8 18 12 16 24 21 -14 23 32 26 44 46 34 -21 -22 -23 -24 58 -26 30 -28 -29 33 -31 47 36 56 -35 -36 -37 -38 -39 -40 40 43 42 -44 -45 54 -47 -48 48 -50 -51 51 -53 -54 -55 -56 -57 -58 -59 59 -61 -62 -63
leaf_value=0 0 0 0 0 0 0 0 0 0 0 0 0 0 0 0 0 0 0 0 0 0 0 0 0 0 0 0 0 0 0 0 0 0 0 0 0 0 0 0 0 0 0 0 0 0 0 0 0 0 0 0 0 0 0 0 0 0 0 0 0 0 0
leaf_weight=164112 210329 978238 318226 471926 854384 71261 916443 351457 610072 4324 306142 320672 716697 216317 231701 689889 2413 162157 496635 473705 782174 438714 918398 382508 1243907 50744 880942 21571 462266 381256 51559 25031 271485 933523 583046 607640 45800 263245 87317 49185 17243 339860 414984 52498 1618 1062671 242975 66542 104398 63376 2503 4037 15167 4927 17180 8607 404812 314135 161625 306385 790 347806
leaf_count=164112 210329 978238 318226 471926 854384 71261 916443 351457 610072 4324 306142 320672 716697 216317 231701 689889 2413 162157 496635 473705 782174 438714 918398 382508 1243907 50744 880942 21571 462266 381256 51559 25031 271485 933523 583046 607640 45800 263245 87317 49185 17243 339860 414984 52498 1618 1062671 242975 66542 104398 63376 2503 4037 15167 4927 17180 8607 404812 314135 161625 306385 790 347806
internal_value=-0.0148661 -0.0160635 -0.0129656 -0.017177 -0.0153499 -0.0113962 -0.0135933 -0.0177858 -0.0131501 -0.0101107 -0.0157528 -0.0118958 -0.0128012 -0.0141249 -0.0148505 -0.0166299 -0.00845863 -0.0185476 -0.0175465 -0.0122473 -0.0143401 -0.0114741 -0.0134024 -0.0139134 -0.0155249 -0.0103534 -0.0164648 -0.00715586 -0.0149805 -0.0177984 -0.0101449 -0.0106636 -0.0146175 -0.0151016 -0.0173756 -0.01687 -0.0100948 -0.0136035 -0.0108876 -0.0125475 -0.0120773 -0.0157088 -0.0155941 -0.0125608 -0.00932254 -0.0160101 -0.018298 -0.0099247 -0.0101963 -0.00951912 -0.00534979 -0.0039313 -0.0102023 -0.00851701 -0.00859657 -0.00723742 -0.0144343 -0.0146329 -0.0140878 -0.0142594 -0.00715262 -0.0148308
internal_weight=2.10016e+07 1.28838e+07 8.11774e+06 5.03204e+06 7.85178e+06 2.31941e+06 5.79833e+06 2.38164e+06 3.16161e+06 649165 4.3458e+06 1.67024e+06 1.32677e+06 2.63672e+06 3.50598e+06 2.6504e+06 83137 569244 1.81239e+06 910857 1.30664e+06 759386 1.83484e+06 1.33008e+06 2.30489e+06 566028 1.57083e+06 33225 2.25017e+06 732713 407450 121575 1.2558e+06 1.39579e+06 1.07968e+06 1.07957e+06 70831 479562 158578 437152 118926 1.06099e+06 754844 69741 49912 2.04091e+06 405132 285875 170940 114935 11654 6540 22507 7340 27405 10225 676297 524464 850518 468010 5114 579507
internal_count=21001550 12883814 8117736 5032035 7851779 2319408 5798328 2381638 3161610 649165 4345802 1670243 1326769 2636718 3505977 2650397 83137 569244 1812394 910857 1306638 759386 1834841 1330080 2304893 566028 1570831 33225 2250173 732713 407450 121575 1255804 1395789 1079681 1079566 70831 479562 158578 437152 118926 1060986 754844 69741 49912 2040909 405132 285875 170940 114935 11654 6540 22507 7340 27405 10225 676297 524464 850518 468010 5114 579507
cat_boundaries=0 2 4 6 8 10 12 14 16 18 20 21 23 25 27 29 31 33 34 35 36 38 39 40 41 43 45 46 48 50 51 53 55 56 58 59 60 61 62 64 65
cat_threshold=720911544 150402 681896102 151623 2299287349 160158 571000471 249891 180633890 178895 2463991395 132597 86205704 214172 1256944271 35202 2818605415 34836 353707413 19193 538177 127972653 196678 3095828213 141089 88758912 8842 2990864731 164737 3113917152 217192 1884134474 35623 50596 592299 742533 17322496 24838 730466 67984 790217 2362763087 229652 2821984874 201444 66359 1365449352 513 317139464 609 2480 2375684 16390 21172232 74760 2076 1443365201 34816 272 321928 619013 11111 1083473990 321 332950
is_linear=0
shrinkage=0.05


end of trees

feature_importances:
state=25
log_tiv=21
occupancy_class=12
equipment_type=3
tiv_per_building_age=1

parameters:
[boosting: gbdt]
[objective: quantile]
[metric: quantile]
[tree_learner: serial]
[device_type: cpu]
[data_sample_strategy: bagging]
[data: ]
[valid: ]
[num_iterations: 300]
[learning_rate: 0.05]
[num_leaves: 63]
[num_threads: 6]
[seed: 42]
[deterministic: 0]
[force_col_wise: 0]
[force_row_wise: 0]
[histogram_pool_size: -1]
[max_depth: 8]
[min_data_in_leaf: 200]
[min_sum_hessian_in_leaf: 0.001]
[bagging_fraction: 1]
[pos_bagging_fraction: 1]
[neg_bagging_fraction: 1]
[bagging_freq: 0]
[bagging_seed: 400]
[bagging_by_query: 0]
[feature_fraction: 1]
[feature_fraction_bynode: 1]
[feature_fraction_seed: 30056]
[extra_trees: 0]
[extra_seed: 12879]
[early_stopping_round: 0]
[early_stopping_min_delta: 0]
[first_metric_only: 0]
[max_delta_step: 0]
[lambda_l1: 0]
[lambda_l2: 0]
[linear_lambda: 0]
[min_gain_to_split: 0]
[drop_rate: 0.1]
[max_drop: 50]
[skip_drop: 0.5]
[xgboost_dart_mode: 0]
[uniform_drop: 0]
[drop_seed: 17869]
[top_rate: 0.2]
[other_rate: 0.1]
[min_data_per_group: 100]
[max_cat_threshold: 32]
[cat_l2: 10]
[cat_smooth: 10]
[max_cat_to_onehot: 4]
[top_k: 20]
[monotone_constraints: ]
[monotone_constraints_method: basic]
[monotone_penalty: 0]
[feature_contri: ]
[forcedsplits_filename: ]
[refit_decay_rate: 0.9]
[cegb_tradeoff: 1]
[cegb_penalty_split: 0]
[cegb_penalty_feature_lazy: ]
[cegb_penalty_feature_coupled: ]
[path_smooth: 0]
[interaction_constraints: ]
[verbosity: -1]
[saved_feature_importance_type: 0]
[use_quantized_grad: 0]
[num_grad_quant_bins: 4]
[quant_train_renew_leaf: 0]
[stochastic_rounding: 1]
[linear_tree: 0]
[max_bin: 255]
[max_bin_by_feature: ]
[min_data_in_bin: 3]
[bin_construct_sample_cnt: 200000]
[data_random_seed: 175]
[is_enable_sparse: 1]
[enable_bundle: 1]
[use_missing: 1]
[zero_as_missing: 0]
[feature_pre_filter: 1]
[pre_partition: 0]
[two_round: 0]
[header: 0]
[label_column: ]
[weight_column: ]
[group_column: ]
[ignore_column: ]
[categorical_feature: 13,14,15,16,17]
[forcedbins_filename: ]
[precise_float_parser: 0]
[parser_config_file: ]
[objective_seed: 16083]
[num_class: 1]
[is_unbalance: 0]
[scale_pos_weight: 1]
[sigmoid: 1]
[boost_from_average: 1]
[reg_sqrt: 0]
[alpha: 0.5]
[fair_c: 1]
[poisson_max_delta_step: 0.7]
[tweedie_variance_power: 1.5]
[lambdarank_truncation_level: 30]
[lambdarank_norm: 1]
[label_gain: ]
[lambdarank_position_bias_regularization: 0]
[eval_at: ]
[multi_error_top_k: 1]
[auc_mu_weights: ]
[num_machines: 1]
[local_listen_port: 12400]
[time_out: 120]
[machine_list_filename: ]
[machines: ]
[gpu_platform_id: -1]
[gpu_device_id: -1]
[gpu_use_dp: 0]
[num_gpu: 1]

end of parameters

pandas_categorical:[]
